date/time: ,24/10/2025,10:41
Run 1

time	(LX)
0,000000	8,864545E+1
0,006667	1,133713E+2
0,013333	8,864545E+1
0,020000	8,864545E+1
0,026667	1,380971E+2
0,033333	1,133713E+2
0,040000	1,133713E+2
0,046667	2,122746E+2
0,053333	2,122746E+2
0,060000	1,133713E+2
0,066667	1,133713E+2
0,073333	1,133713E+2
0,080000	8,864545E+1
0,086667	3,919377E+1
0,093333	8,864545E+1
0,100000	1,133713E+2
0,106667	1,133713E+2
0,113333	2,122746E+2
0,120000	1,875488E+2
0,126667	1,133713E+2
0,133333	1,380971E+2
0,140000	1,628230E+2
0,146667	1,380971E+2
0,153333	1,133713E+2
0,160000	1,133713E+2
0,166667	8,864545E+1
0,173333	6,391961E+1
0,180000	6,391961E+1
0,186667	6,391961E+1
0,193333	1,628230E+2
0,200000	1,875488E+2
0,206667	1,628230E+2
0,213333	1,875488E+2
0,220000	1,133713E+2
0,226667	1,133713E+2
0,233333	3,919377E+1
0,240000	3,919377E+1
0,246667	1,380971E+2
0,253333	3,919377E+1
0,260000	3,919377E+1
0,266667	1,628230E+2
0,273333	1,133713E+2
0,280000	1,875488E+2
0,286667	1,875488E+2
0,293333	1,380971E+2
0,300000	8,864545E+1
0,306667	1,133713E+2
0,313333	2,122746E+2
0,320000	1,133713E+2
0,326667	1,380971E+2
0,333333	6,391961E+1
0,340000	1,380971E+2
0,346667	1,380971E+2
0,353333	1,628230E+2
0,360000	2,122746E+2
0,366667	1,875488E+2
0,373333	1,875488E+2
0,380000	1,380971E+2
0,386667	1,133713E+2
0,393333	6,391961E+1
0,400000	1,380971E+2
0,406667	1,380971E+2
0,413333	6,391961E+1
0,420000	1,133713E+2
0,426667	8,864545E+1
0,433333	6,391961E+1
0,440000	6,391961E+1
0,446667	1,380971E+2
0,453333	1,133713E+2
0,460000	1,133713E+2
0,466667	1,875488E+2
0,473333	1,875488E+2
0,480000	6,391961E+1
0,486667	2,122746E+2
0,493333	1,133713E+2
0,500000	1,133713E+2
0,506667	1,875488E+2
0,513333	1,133713E+2
0,520000	3,919377E+1
0,526667	1,133713E+2
0,533333	1,380971E+2
0,540000	1,380971E+2
0,546667	1,628230E+2
0,553333	6,391961E+1
0,560000	1,380971E+2
0,566667	1,133713E+2
0,573333	1,380971E+2
0,580000	1,628230E+2
0,586667	1,628230E+2
0,593333	2,122746E+2
0,600000	2,122746E+2
0,606667	1,875488E+2
0,613333	2,122746E+2
0,620000	1,875488E+2
0,626667	1,133713E+2
0,633333	1,133713E+2
0,640000	1,875488E+2
0,646667	1,380971E+2
0,653333	1,380971E+2
0,660000	2,122746E+2
0,666667	2,122746E+2
0,673333	1,133713E+2
0,680000	8,864545E+1
0,686667	6,391961E+1
0,693333	1,380971E+2
0,700000	6,391961E+1
0,706667	6,391961E+1
0,713333	6,391961E+1
0,720000	1,380971E+2
0,726667	1,133713E+2
0,733333	1,875488E+2
0,740000	1,875488E+2
0,746667	1,133713E+2
0,753333	1,133713E+2
0,760000	1,628230E+2
0,766667	1,628230E+2
0,773333	1,133713E+2
0,780000	3,919377E+1
0,786667	6,391961E+1
0,793333	3,919377E+1
0,800000	1,380971E+2
0,806667	1,875488E+2
0,813333	1,628230E+2
0,820000	1,380971E+2
0,826667	8,864545E+1
0,833333	8,864545E+1
0,840000	6,391961E+1
0,846667	6,391961E+1
0,853333	1,446793E+1
0,860000	6,391961E+1
0,866667	6,391961E+1
0,873333	6,391961E+1
0,880000	1,133713E+2
0,886667	1,875488E+2
0,893333	1,380971E+2
0,900000	1,875488E+2
0,906667	2,122746E+2
0,913333	1,133713E+2
0,920000	6,391961E+1
0,926667	8,864545E+1
0,933333	1,380971E+2
0,940000	1,628230E+2
0,946667	1,380971E+2
0,953333	6,391961E+1
0,960000	1,380971E+2
0,966667	1,133713E+2
0,973333	2,122746E+2
0,980000	1,380971E+2
0,986667	1,380971E+2
0,993333	6,391961E+1
1,000000	6,391961E+1
1,006667	1,133713E+2
1,013333	1,133713E+2
1,020000	3,919377E+1
1,026667	1,380971E+2
1,033333	1,380971E+2
1,040000	1,133713E+2
1,046667	2,122746E+2
1,053333	1,875488E+2
1,060000	1,875488E+2
1,066667	1,380971E+2
1,073333	1,133713E+2
1,080000	1,133713E+2
1,086667	2,122746E+2
1,093333	1,133713E+2
1,100000	6,391961E+1
1,106667	1,133713E+2
1,113333	1,380971E+2
1,120000	1,133713E+2
1,126667	1,133713E+2
1,133333	1,875488E+2
1,140000	1,875488E+2
1,146667	1,133713E+2
1,153333	3,919377E+1
1,160000	8,864545E+1
1,166667	1,133713E+2
1,173333	1,875488E+2
1,180000	1,628230E+2
1,186667	1,133713E+2
1,193333	1,875488E+2
1,200000	1,875488E+2
1,206667	1,380971E+2
1,213333	1,380971E+2
1,220000	2,122746E+2
1,226667	1,875488E+2
1,233333	1,628230E+2
1,240000	1,133713E+2
1,246667	1,133713E+2
1,253333	1,875488E+2
1,260000	1,133713E+2
1,266667	6,391961E+1
1,273333	1,380971E+2
1,280000	1,133713E+2
1,286667	1,133713E+2
1,293333	1,380971E+2
1,300000	1,875488E+2
1,306667	1,133713E+2
1,313333	1,133713E+2
1,320000	6,391961E+1
1,326667	6,391961E+1
1,333333	1,380971E+2
1,340000	1,133713E+2
1,346667	1,875488E+2
1,353333	1,133713E+2
1,360000	1,133713E+2
1,366667	8,864545E+1
1,373333	6,391961E+1
1,380000	1,380971E+2
1,386667	1,875488E+2
1,393333	1,875488E+2
1,400000	1,875488E+2
1,406667	1,875488E+2
1,413333	1,875488E+2
1,420000	1,875488E+2
1,426667	2,122746E+2
1,433333	1,875488E+2
1,440000	1,133713E+2
1,446667	1,380971E+2
1,453333	1,875488E+2
1,460000	1,133713E+2
1,466667	1,875488E+2
1,473333	1,133713E+2
1,480000	1,133713E+2
1,486667	1,380971E+2
1,493333	1,875488E+2
1,500000	1,133713E+2
1,506667	8,864545E+1
1,513333	1,133713E+2
1,520000	1,133713E+2
1,526667	1,875488E+2
1,533333	1,380971E+2
1,540000	6,391961E+1
1,546667	1,875488E+2
1,553333	1,875488E+2
1,560000	1,380971E+2
1,566667	6,391961E+1
1,573333	1,380971E+2
1,580000	1,133713E+2
1,586667	1,875488E+2
1,593333	1,628230E+2
1,600000	1,133713E+2
1,606667	6,391961E+1
1,613333	1,133713E+2
1,620000	1,380971E+2
1,626667	6,391961E+1
1,633333	6,391961E+1
1,640000	1,133713E+2
1,646667	1,380971E+2
1,653333	1,380971E+2
1,660000	1,133713E+2
1,666667	8,864545E+1
1,673333	3,919377E+1
1,680000	1,380971E+2
1,686667	1,380971E+2
1,693333	1,875488E+2
1,700000	1,875488E+2
1,706667	1,875488E+2
1,713333	1,875488E+2
1,720000	1,380971E+2
1,726667	6,391961E+1
1,733333	8,864545E+1
1,740000	1,133713E+2
1,746667	1,133713E+2
1,753333	1,380971E+2
1,760000	6,391961E+1
1,766667	8,864545E+1
1,773333	8,864545E+1
1,780000	6,391961E+1
1,786667	6,391961E+1
1,793333	6,391961E+1
1,800000	6,391961E+1
1,806667	1,133713E+2
1,813333	1,133713E+2
1,820000	2,122746E+2
1,826667	1,875488E+2
1,833333	1,380971E+2
1,840000	1,133713E+2
1,846667	6,391961E+1
1,853333	8,864545E+1
1,860000	3,919377E+1
1,866667	1,380971E+2
1,873333	1,133713E+2
1,880000	2,122746E+2
1,886667	1,875488E+2
1,893333	1,875488E+2
1,900000	1,133713E+2
1,906667	1,875488E+2
1,913333	1,380971E+2
1,920000	1,875488E+2
1,926667	1,875488E+2
1,933333	1,133713E+2
1,940000	1,628230E+2
1,946667	1,875488E+2
1,953333	1,875488E+2
1,960000	1,875488E+2
1,966667	1,133713E+2
1,973333	1,133713E+2
1,980000	6,391961E+1
1,986667	1,380971E+2
1,993333	1,133713E+2
2,000000	1,380971E+2
2,006667	1,628230E+2
2,013333	1,380971E+2
2,020000	6,391961E+1
2,026667	1,133713E+2
2,033333	1,133713E+2
2,040000	1,875488E+2
2,046667	1,628230E+2
2,053333	1,875488E+2
2,060000	1,380971E+2
2,066667	1,133713E+2
2,073333	1,875488E+2
2,080000	1,628230E+2
2,086667	8,864545E+1
2,093333	1,380971E+2
2,100000	1,133713E+2
2,106667	1,133713E+2
2,113333	1,133713E+2
2,120000	8,864545E+1
2,126667	8,864545E+1
2,133333	1,380971E+2
2,140000	1,380971E+2
2,146667	1,380971E+2
2,153333	1,133713E+2
2,160000	6,391961E+1
2,166667	1,380971E+2
2,173333	1,133713E+2
2,180000	1,380971E+2
2,186667	8,864545E+1
2,193333	8,864545E+1
2,200000	6,391961E+1
2,206667	8,864545E+1
2,213333	6,391961E+1
2,220000	3,919377E+1
2,226667	6,391961E+1
2,233333	1,380971E+2
2,240000	1,133713E+2
2,246667	2,122746E+2
2,253333	1,875488E+2
2,260000	1,628230E+2
2,266667	1,133713E+2
2,273333	6,391961E+1
2,280000	3,919377E+1
2,286667	1,380971E+2
2,293333	3,919377E+1
2,300000	1,380971E+2
2,306667	1,133713E+2
2,313333	1,875488E+2
2,320000	1,628230E+2
2,326667	1,875488E+2
2,333333	1,133713E+2
2,340000	1,133713E+2
2,346667	6,391961E+1
2,353333	8,864545E+1
2,360000	3,919377E+1
2,366667	6,391961E+1
2,373333	8,864545E+1
2,380000	1,133713E+2
2,386667	1,133713E+2
2,393333	1,628230E+2
2,400000	1,875488E+2
2,406667	1,875488E+2
2,413333	1,875488E+2
2,420000	1,133713E+2
2,426667	8,864545E+1
2,433333	1,380971E+2
2,440000	3,919377E+1
2,446667	8,864545E+1
2,453333	1,380971E+2
2,460000	1,875488E+2
2,466667	1,875488E+2
2,473333	1,133713E+2
2,480000	1,133713E+2
2,486667	1,380971E+2
2,493333	1,875488E+2
2,500000	1,875488E+2
2,506667	1,875488E+2
2,513333	1,380971E+2
2,520000	6,391961E+1
2,526667	1,380971E+2
2,533333	1,380971E+2
2,540000	1,875488E+2
2,546667	2,122746E+2
2,553333	1,133713E+2
2,560000	1,133713E+2
2,566667	1,875488E+2
2,573333	1,380971E+2
2,580000	6,391961E+1
2,586667	1,133713E+2
2,593333	1,380971E+2
2,600000	1,380971E+2
2,606667	1,133713E+2
2,613333	1,380971E+2
2,620000	1,380971E+2
2,626667	6,391961E+1
2,633333	1,133713E+2
2,640000	1,628230E+2
2,646667	1,380971E+2
2,653333	1,380971E+2
2,660000	1,875488E+2
2,666667	1,875488E+2
2,673333	1,133713E+2
2,680000	3,919377E+1
2,686667	1,875488E+2
2,693333	1,380971E+2
2,700000	1,133713E+2
2,706667	1,133713E+2
2,713333	6,391961E+1
2,720000	1,628230E+2
2,726667	1,875488E+2
2,733333	2,122746E+2
2,740000	1,380971E+2
2,746667	8,864545E+1
2,753333	1,628230E+2
2,760000	6,391961E+1
2,766667	2,122746E+2
2,773333	1,133713E+2
2,780000	8,864545E+1
2,786667	1,133713E+2
2,793333	8,864545E+1
2,800000	1,875488E+2
2,806667	2,122746E+2
2,813333	1,133713E+2
2,820000	6,391961E+1
2,826667	1,380971E+2
2,833333	1,133713E+2
2,840000	1,380971E+2
2,846667	1,875488E+2
2,853333	1,628230E+2
2,860000	6,391961E+1
2,866667	6,391961E+1
2,873333	1,875488E+2
2,880000	1,628230E+2
2,886667	1,380971E+2
2,893333	1,380971E+2
2,900000	1,380971E+2
2,906667	1,628230E+2
2,913333	6,391961E+1
2,920000	1,133713E+2
2,926667	1,875488E+2
2,933333	2,122746E+2
2,940000	1,133713E+2
2,946667	1,133713E+2
2,953333	8,864545E+1
2,960000	1,380971E+2
2,966667	8,864545E+1
2,973333	6,391961E+1
2,980000	6,391961E+1
2,986667	1,133713E+2
2,993333	1,380971E+2
3,000000	1,875488E+2
3,006667	1,133713E+2
3,013333	3,919377E+1
3,020000	3,919377E+1
3,026667	6,391961E+1
3,033333	6,391961E+1
3,040000	1,628230E+2
3,046667	1,380971E+2
3,053333	1,380971E+2
3,060000	1,380971E+2
3,066667	1,133713E+2
3,073333	1,133713E+2
3,080000	1,133713E+2
3,086667	8,864545E+1
3,093333	8,864545E+1
3,100000	6,391961E+1
3,106667	6,391961E+1
3,113333	3,919377E+1
3,120000	8,864545E+1
3,126667	8,864545E+1
3,133333	1,380971E+2
3,140000	1,875488E+2
3,146667	2,122746E+2
3,153333	1,875488E+2
3,160000	1,628230E+2
3,166667	1,875488E+2
3,173333	2,122746E+2
3,180000	1,380971E+2
3,186667	1,133713E+2
3,193333	2,122746E+2
3,200000	1,628230E+2
3,206667	1,133713E+2
3,213333	1,380971E+2
3,220000	6,391961E+1
3,226667	1,380971E+2
3,233333	1,133713E+2
3,240000	3,919377E+1
3,246667	1,380971E+2
3,253333	1,380971E+2
3,260000	1,380971E+2
3,266667	1,628230E+2
3,273333	2,122746E+2
3,280000	1,628230E+2
3,286667	1,133713E+2
3,293333	1,133713E+2
3,300000	1,133713E+2
3,306667	3,919377E+1
3,313333	1,380971E+2
3,320000	1,380971E+2
3,326667	1,628230E+2
3,333333	1,133713E+2
3,340000	8,864545E+1
3,346667	8,864545E+1
3,353333	1,380971E+2
3,360000	1,628230E+2
3,366667	1,133713E+2
3,373333	1,875488E+2
3,380000	1,628230E+2
3,386667	1,133713E+2
3,393333	3,919377E+1
3,400000	1,380971E+2
3,406667	1,875488E+2
3,413333	1,133713E+2
3,420000	1,380971E+2
3,426667	6,391961E+1
3,433333	6,391961E+1
3,440000	6,391961E+1
3,446667	1,380971E+2
3,453333	1,875488E+2
3,460000	2,122746E+2
3,466667	1,380971E+2
3,473333	3,919377E+1
3,480000	6,391961E+1
3,486667	1,133713E+2
3,493333	1,380971E+2
3,500000	1,380971E+2
3,506667	1,875488E+2
3,513333	1,875488E+2
3,520000	1,133713E+2
3,526667	1,628230E+2
3,533333	3,919377E+1
3,540000	8,864545E+1
3,546667	1,133713E+2
3,553333	1,133713E+2
3,560000	3,919377E+1
3,566667	6,391961E+1
3,573333	1,133713E+2
3,580000	1,380971E+2
3,586667	6,391961E+1
3,593333	1,380971E+2
3,600000	1,133713E+2
3,606667	1,133713E+2
3,613333	1,380971E+2
3,620000	1,133713E+2
3,626667	1,628230E+2
3,633333	1,133713E+2
3,640000	1,875488E+2
3,646667	1,875488E+2
3,653333	1,875488E+2
3,660000	2,122746E+2
3,666667	8,864545E+1
3,673333	8,864545E+1
3,680000	1,133713E+2
3,686667	1,133713E+2
3,693333	8,864545E+1
3,700000	1,133713E+2
3,706667	1,380971E+2
3,713333	3,919377E+1
3,720000	1,133713E+2
3,726667	1,628230E+2
3,733333	1,875488E+2
3,740000	3,919377E+1
3,746667	1,380971E+2
3,753333	2,122746E+2
3,760000	2,122746E+2
3,766667	2,122746E+2
3,773333	1,875488E+2
3,780000	2,122746E+2
3,786667	1,628230E+2
3,793333	1,133713E+2
3,800000	6,391961E+1
3,806667	1,133713E+2
3,813333	1,133713E+2
3,820000	1,133713E+2
3,826667	1,380971E+2
3,833333	1,380971E+2
3,840000	1,628230E+2
3,846667	1,875488E+2
3,853333	1,133713E+2
3,860000	1,380971E+2
3,866667	1,380971E+2
3,873333	6,391961E+1
3,880000	1,133713E+2
3,886667	1,133713E+2
3,893333	1,380971E+2
3,900000	1,133713E+2
3,906667	1,133713E+2
3,913333	6,391961E+1
3,920000	6,391961E+1
3,926667	1,133713E+2
3,933333	1,133713E+2
3,940000	1,875488E+2
3,946667	1,875488E+2
3,953333	6,391961E+1
3,960000	6,391961E+1
3,966667	6,391961E+1
3,973333	3,919377E+1
3,980000	6,391961E+1
3,986667	3,919377E+1
3,993333	1,133713E+2
4,000000	1,133713E+2
4,006667	1,133713E+2
4,013333	1,133713E+2
4,020000	1,133713E+2
4,026667	6,391961E+1
4,033333	1,133713E+2
4,040000	1,628230E+2
4,046667	1,133713E+2
4,053333	1,875488E+2
4,060000	1,875488E+2
4,066667	1,133713E+2
4,073333	1,875488E+2
4,080000	1,133713E+2
4,086667	2,122746E+2
4,093333	1,875488E+2
4,100000	1,628230E+2
4,106667	1,628230E+2
4,113333	1,133713E+2
4,120000	1,875488E+2
4,126667	1,875488E+2
4,133333	1,380971E+2
4,140000	1,628230E+2
4,146667	1,628230E+2
4,153333	2,122746E+2
4,160000	1,628230E+2
4,166667	2,122746E+2
4,173333	1,875488E+2
4,180000	1,875488E+2
4,186667	1,133713E+2
4,193333	6,391961E+1
4,200000	6,391961E+1
4,206667	1,133713E+2
4,213333	1,628230E+2
4,220000	1,875488E+2
4,226667	1,875488E+2
4,233333	1,875488E+2
4,240000	1,380971E+2
4,246667	1,875488E+2
4,253333	1,133713E+2
4,260000	1,875488E+2
4,266667	1,875488E+2
4,273333	1,628230E+2
4,280000	1,133713E+2
4,286667	6,391961E+1
4,293333	1,133713E+2
4,300000	1,380971E+2
4,306667	1,133713E+2
4,313333	1,380971E+2
4,320000	1,133713E+2
4,326667	1,133713E+2
4,333333	1,628230E+2
4,340000	6,391961E+1
4,346667	1,628230E+2
4,353333	2,122746E+2
4,360000	1,380971E+2
4,366667	1,133713E+2
4,373333	2,122746E+2
4,380000	1,380971E+2
4,386667	3,919377E+1
4,393333	6,391961E+1
4,400000	6,391961E+1
4,406667	6,391961E+1
4,413333	8,864545E+1
4,420000	6,391961E+1
4,426667	1,133713E+2
4,433333	1,133713E+2
4,440000	1,875488E+2
4,446667	1,875488E+2
4,453333	1,628230E+2
4,460000	1,875488E+2
4,466667	1,380971E+2
4,473333	1,133713E+2
4,480000	1,133713E+2
4,486667	1,380971E+2
4,493333	3,919377E+1
4,500000	1,628230E+2
4,506667	2,122746E+2
4,513333	1,133713E+2
4,520000	1,875488E+2
4,526667	1,875488E+2
4,533333	1,133713E+2
4,540000	6,391961E+1
4,546667	1,380971E+2
4,553333	1,133713E+2
4,560000	6,391961E+1
4,566667	1,133713E+2
4,573333	2,122746E+2
4,580000	1,875488E+2
4,586667	1,875488E+2
4,593333	1,875488E+2
4,600000	1,875488E+2
4,606667	2,122746E+2
4,613333	1,875488E+2
4,620000	1,133713E+2
4,626667	1,628230E+2
4,633333	1,133713E+2
4,640000	1,875488E+2
4,646667	1,133713E+2
4,653333	1,133713E+2
4,660000	1,875488E+2
4,666667	1,133713E+2
4,673333	1,133713E+2
4,680000	1,133713E+2
4,686667	1,133713E+2
4,693333	1,133713E+2
4,700000	2,122746E+2
4,706667	1,875488E+2
4,713333	8,864545E+1
4,720000	2,122746E+2
4,726667	1,628230E+2
4,733333	1,875488E+2
4,740000	1,133713E+2
4,746667	2,122746E+2
4,753333	1,380971E+2
4,760000	1,380971E+2
4,766667	1,875488E+2
4,773333	1,133713E+2
4,780000	8,864545E+1
4,786667	1,380971E+2
4,793333	1,380971E+2
4,800000	1,628230E+2
4,806667	1,875488E+2
4,813333	2,122746E+2
4,820000	1,875488E+2
4,826667	1,875488E+2
4,833333	1,133713E+2
4,840000	1,875488E+2
4,846667	1,380971E+2
4,853333	1,133713E+2
4,860000	8,864545E+1
4,866667	1,133713E+2
4,873333	1,133713E+2
4,880000	1,133713E+2
4,886667	1,875488E+2
4,893333	1,628230E+2
4,900000	1,628230E+2
4,906667	1,380971E+2
4,913333	3,919377E+1
4,920000	1,380971E+2
4,926667	1,133713E+2
4,933333	1,133713E+2
4,940000	2,122746E+2
4,946667	1,875488E+2
4,953333	1,875488E+2
4,960000	1,875488E+2
4,966667	1,133713E+2
4,973333	1,380971E+2
4,980000	1,628230E+2
4,986667	1,628230E+2
4,993333	1,875488E+2
5,000000	1,875488E+2
5,006667	1,875488E+2
5,013333	1,628230E+2
5,020000	1,133713E+2
5,026667	2,122746E+2
5,033333	6,391961E+1
5,040000	1,133713E+2
5,046667	1,380971E+2
5,053333	1,133713E+2
5,060000	1,133713E+2
5,066667	8,864545E+1
5,073333	8,864545E+1
5,080000	1,380971E+2
5,086667	1,380971E+2
5,093333	2,122746E+2
5,100000	1,628230E+2
5,106667	1,628230E+2
5,113333	1,875488E+2
5,120000	1,875488E+2
5,126667	2,122746E+2
5,133333	1,133713E+2
5,140000	1,875488E+2
5,146667	1,133713E+2
5,153333	1,133713E+2
5,160000	1,380971E+2
5,166667	1,380971E+2
5,173333	1,380971E+2
5,180000	6,391961E+1
5,186667	1,133713E+2
5,193333	1,133713E+2
5,200000	1,875488E+2
5,206667	1,875488E+2
5,213333	1,628230E+2
5,220000	1,133713E+2
5,226667	6,391961E+1
5,233333	1,133713E+2
5,240000	1,380971E+2
5,246667	6,391961E+1
5,253333	8,864545E+1
5,260000	1,133713E+2
5,266667	1,875488E+2
5,273333	1,133713E+2
5,280000	6,391961E+1
5,286667	1,380971E+2
5,293333	1,875488E+2
5,300000	1,380971E+2
5,306667	6,391961E+1
5,313333	1,133713E+2
5,320000	1,875488E+2
5,326667	1,380971E+2
5,333333	6,391961E+1
5,340000	1,380971E+2
5,346667	1,875488E+2
5,353333	1,875488E+2
5,360000	1,133713E+2
5,366667	1,875488E+2
5,373333	1,133713E+2
5,380000	1,380971E+2
5,386667	1,875488E+2
5,393333	1,875488E+2
5,400000	1,133713E+2
5,406667	1,133713E+2
5,413333	1,875488E+2
5,420000	1,628230E+2
5,426667	1,380971E+2
5,433333	3,919377E+1
5,440000	1,380971E+2
5,446667	1,875488E+2
5,453333	1,380971E+2
5,460000	6,391961E+1
5,466667	1,875488E+2
5,473333	1,875488E+2
5,480000	1,133713E+2
5,486667	6,391961E+1
5,493333	6,391961E+1
5,500000	1,133713E+2
5,506667	1,133713E+2
5,513333	1,380971E+2
5,520000	6,391961E+1
5,526667	1,133713E+2
5,533333	1,875488E+2
5,540000	1,133713E+2
5,546667	8,864545E+1
5,553333	1,628230E+2
5,560000	1,875488E+2
5,566667	1,133713E+2
5,573333	3,919377E+1
5,580000	6,391961E+1
5,586667	1,380971E+2
5,593333	1,380971E+2
5,600000	1,875488E+2
5,606667	1,380971E+2
5,613333	6,391961E+1
5,620000	3,919377E+1
5,626667	1,133713E+2
5,633333	1,875488E+2
5,640000	1,380971E+2
5,646667	6,391961E+1
5,653333	6,391961E+1
5,660000	6,391961E+1
5,666667	1,380971E+2
5,673333	2,122746E+2
5,680000	2,122746E+2
5,686667	1,628230E+2
5,693333	1,133713E+2
5,700000	1,628230E+2
5,706667	1,875488E+2
5,713333	1,133713E+2
5,720000	1,380971E+2
5,726667	1,875488E+2
5,733333	1,133713E+2
5,740000	6,391961E+1
5,746667	3,919377E+1
5,753333	1,133713E+2
5,760000	1,628230E+2
5,766667	2,122746E+2
5,773333	1,133713E+2
5,780000	6,391961E+1
5,786667	1,380971E+2
5,793333	1,133713E+2
5,800000	6,391961E+1
5,806667	8,864545E+1
5,813333	3,919377E+1
5,820000	1,875488E+2
5,826667	1,133713E+2
5,833333	6,391961E+1
5,840000	1,380971E+2
5,846667	1,133713E+2
5,853333	1,380971E+2
5,860000	1,875488E+2
5,866667	3,919377E+1
5,873333	1,875488E+2
5,880000	1,380971E+2
5,886667	6,391961E+1
5,893333	1,380971E+2
5,900000	1,875488E+2
5,906667	6,391961E+1
5,913333	1,380971E+2
5,920000	6,391961E+1
5,926667	1,380971E+2
5,933333	1,875488E+2
5,940000	1,875488E+2
5,946667	6,391961E+1
5,953333	1,380971E+2
5,960000	1,133713E+2
5,966667	1,133713E+2
5,973333	1,875488E+2
5,980000	6,391961E+1
5,986667	1,380971E+2
5,993333	1,380971E+2
6,000000	1,133713E+2
6,006667	1,380971E+2
6,013333	1,875488E+2
6,020000	1,380971E+2
6,026667	1,628230E+2
6,033333	8,864545E+1
6,040000	3,919377E+1
6,046667	8,864545E+1
6,053333	1,133713E+2
6,060000	1,133713E+2
6,066667	1,875488E+2
6,073333	1,133713E+2
6,080000	1,380971E+2
6,086667	6,391961E+1
6,093333	1,133713E+2
6,100000	1,133713E+2
6,106667	2,122746E+2
6,113333	6,391961E+1
6,120000	6,391961E+1
6,126667	1,133713E+2
6,133333	1,875488E+2
6,140000	1,380971E+2
6,146667	8,864545E+1
6,153333	1,380971E+2
6,160000	2,122746E+2
6,166667	3,919377E+1
6,173333	1,380971E+2
6,180000	1,875488E+2
6,186667	1,133713E+2
6,193333	3,919377E+1
6,200000	6,391961E+1
6,206667	1,133713E+2
6,213333	1,133713E+2
6,220000	1,875488E+2
6,226667	1,628230E+2
6,233333	1,133713E+2
6,240000	1,133713E+2
6,246667	1,380971E+2
6,253333	1,875488E+2
6,260000	1,875488E+2
6,266667	1,875488E+2
6,273333	1,133713E+2
6,280000	1,133713E+2
6,286667	2,122746E+2
6,293333	2,122746E+2
6,300000	1,133713E+2
6,306667	6,391961E+1
6,313333	3,919377E+1
6,320000	1,380971E+2
6,326667	1,133713E+2
6,333333	1,380971E+2
6,340000	1,875488E+2
6,346667	1,875488E+2
6,353333	1,875488E+2
6,360000	1,133713E+2
6,366667	1,380971E+2
6,373333	6,391961E+1
6,380000	1,133713E+2
6,386667	2,122746E+2
6,393333	1,628230E+2
6,400000	1,875488E+2
6,406667	1,875488E+2
6,413333	1,628230E+2
6,420000	1,133713E+2
6,426667	1,133713E+2
6,433333	1,133713E+2
6,440000	1,133713E+2
6,446667	1,133713E+2
6,453333	1,875488E+2
6,460000	1,875488E+2
6,466667	1,628230E+2
6,473333	1,133713E+2
6,480000	1,133713E+2
6,486667	6,391961E+1
6,493333	3,919377E+1
6,500000	6,391961E+1
6,506667	1,133713E+2
6,513333	3,919377E+1
6,520000	1,133713E+2
6,526667	1,875488E+2
6,533333	1,133713E+2
6,540000	8,864545E+1
6,546667	1,875488E+2
6,553333	3,919377E+1
6,560000	1,380971E+2
6,566667	1,875488E+2
6,573333	1,133713E+2
6,580000	1,133713E+2
6,586667	6,391961E+1
6,593333	1,133713E+2
6,600000	2,122746E+2
6,606667	8,864545E+1
6,613333	1,380971E+2
6,620000	1,133713E+2
6,626667	1,875488E+2
6,633333	1,133713E+2
6,640000	8,864545E+1
6,646667	1,133713E+2
6,653333	1,875488E+2
6,660000	1,875488E+2
6,666667	1,875488E+2
6,673333	2,122746E+2
6,680000	1,875488E+2
6,686667	1,380971E+2
6,693333	1,628230E+2
6,700000	1,875488E+2
6,706667	1,875488E+2
6,713333	8,864545E+1
6,720000	8,864545E+1
6,726667	8,864545E+1
6,733333	6,391961E+1
6,740000	1,133713E+2
6,746667	1,875488E+2
6,753333	1,875488E+2
6,760000	1,133713E+2
6,766667	1,133713E+2
6,773333	1,875488E+2
6,780000	1,628230E+2
6,786667	1,875488E+2
6,793333	1,380971E+2
6,800000	2,122746E+2
6,806667	1,133713E+2
6,813333	6,391961E+1
6,820000	1,628230E+2
6,826667	2,122746E+2
6,833333	1,133713E+2
6,840000	1,380971E+2
6,846667	1,875488E+2
6,853333	1,628230E+2
6,860000	2,122746E+2
6,866667	1,133713E+2
6,873333	1,133713E+2
6,880000	1,133713E+2
6,886667	1,133713E+2
6,893333	3,919377E+1
6,900000	1,133713E+2
6,906667	2,122746E+2
6,913333	1,133713E+2
6,920000	1,133713E+2
6,926667	1,133713E+2
6,933333	6,391961E+1
6,940000	1,380971E+2
6,946667	1,380971E+2
6,953333	1,133713E+2
6,960000	1,875488E+2
6,966667	1,875488E+2
6,973333	1,133713E+2
6,980000	1,380971E+2
6,986667	1,380971E+2
6,993333	8,864545E+1
7,000000	1,380971E+2
7,006667	6,391961E+1
7,013333	6,391961E+1
7,020000	1,133713E+2
7,026667	1,380971E+2
7,033333	1,875488E+2
7,040000	1,133713E+2
7,046667	6,391961E+1
7,053333	3,919377E+1
7,060000	1,133713E+2
7,066667	1,380971E+2
7,073333	8,864545E+1
7,080000	1,380971E+2
7,086667	1,875488E+2
7,093333	1,875488E+2
7,100000	1,380971E+2
7,106667	6,391961E+1
7,113333	1,133713E+2
7,120000	1,875488E+2
7,126667	1,875488E+2
7,133333	1,133713E+2
7,140000	1,380971E+2
7,146667	1,875488E+2
7,153333	1,133713E+2
7,160000	3,919377E+1
7,166667	1,133713E+2
7,173333	6,391961E+1
7,180000	6,391961E+1
7,186667	1,380971E+2
7,193333	1,875488E+2
7,200000	1,133713E+2
7,206667	8,864545E+1
7,213333	1,133713E+2
7,220000	2,122746E+2
7,226667	1,380971E+2
7,233333	3,919377E+1
7,240000	1,133713E+2
7,246667	1,875488E+2
7,253333	1,133713E+2
7,260000	1,133713E+2
7,266667	1,133713E+2
7,273333	1,133713E+2
7,280000	1,133713E+2
7,286667	1,133713E+2
7,293333	1,380971E+2
7,300000	1,628230E+2
7,306667	1,380971E+2
7,313333	8,864545E+1
7,320000	1,133713E+2
7,326667	1,133713E+2
7,333333	1,628230E+2
7,340000	1,380971E+2
7,346667	6,391961E+1
7,353333	1,380971E+2
7,360000	1,875488E+2
7,366667	1,133713E+2
7,373333	6,391961E+1
7,380000	8,864545E+1
7,386667	6,391961E+1
7,393333	1,133713E+2
7,400000	1,380971E+2
7,406667	6,391961E+1
7,413333	6,391961E+1
7,420000	1,380971E+2
7,426667	1,875488E+2
7,433333	1,133713E+2
7,440000	8,864545E+1
7,446667	6,391961E+1
7,453333	1,133713E+2
7,460000	1,875488E+2
7,466667	1,133713E+2
7,473333	1,133713E+2
7,480000	6,391961E+1
7,486667	8,864545E+1
7,493333	1,133713E+2
7,500000	1,133713E+2
7,506667	1,380971E+2
7,513333	1,380971E+2
7,520000	1,875488E+2
7,526667	1,875488E+2
7,533333	1,380971E+2
7,540000	6,391961E+1
7,546667	6,391961E+1
7,553333	6,391961E+1
7,560000	1,133713E+2
7,566667	1,133713E+2
7,573333	1,133713E+2
7,580000	1,133713E+2
7,586667	1,133713E+2
7,593333	6,391961E+1
7,600000	6,391961E+1
7,606667	6,391961E+1
7,613333	1,380971E+2
7,620000	8,864545E+1
7,626667	1,380971E+2
7,633333	1,133713E+2
7,640000	1,875488E+2
7,646667	1,133713E+2
7,653333	3,919377E+1
7,660000	1,380971E+2
7,666667	1,875488E+2
7,673333	1,133713E+2
7,680000	6,391961E+1
7,686667	1,133713E+2
7,693333	1,380971E+2
7,700000	3,919377E+1
7,706667	3,919377E+1
7,713333	8,864545E+1
7,720000	1,628230E+2
7,726667	1,875488E+2
7,733333	1,380971E+2
7,740000	6,391961E+1
7,746667	3,919377E+1
7,753333	1,133713E+2
7,760000	1,628230E+2
7,766667	1,628230E+2
7,773333	3,919377E+1
7,780000	1,380971E+2
7,786667	1,875488E+2
7,793333	2,122746E+2
7,800000	1,133713E+2
7,806667	8,864545E+1
7,813333	1,133713E+2
7,820000	1,380971E+2
7,826667	1,875488E+2
7,833333	1,133713E+2
7,840000	8,864545E+1
7,846667	6,391961E+1
7,853333	1,875488E+2
7,860000	6,391961E+1
7,866667	1,133713E+2
7,873333	1,875488E+2
7,880000	1,875488E+2
7,886667	1,875488E+2
7,893333	1,380971E+2
7,900000	6,391961E+1
7,906667	1,380971E+2
7,913333	2,122746E+2
7,920000	1,875488E+2
7,926667	1,133713E+2
7,933333	6,391961E+1
7,940000	6,391961E+1
7,946667	1,133713E+2
7,953333	1,133713E+2
7,960000	6,391961E+1
7,966667	1,628230E+2
7,973333	1,380971E+2
7,980000	6,391961E+1
7,986667	1,133713E+2
7,993333	1,628230E+2
8,000000	1,133713E+2
8,006667	1,133713E+2
8,013333	6,391961E+1
8,020000	1,133713E+2
8,026667	1,133713E+2
8,033333	6,391961E+1
8,040000	8,864545E+1
8,046667	1,133713E+2
8,053333	1,380971E+2
8,060000	3,919377E+1
8,066667	1,875488E+2
8,073333	1,875488E+2
8,080000	1,628230E+2
8,086667	6,391961E+1
8,093333	1,133713E+2
8,100000	1,875488E+2
8,106667	1,133713E+2
8,113333	8,864545E+1
8,120000	1,380971E+2
8,126667	1,380971E+2
8,133333	1,133713E+2
8,140000	1,133713E+2
8,146667	1,628230E+2
8,153333	1,380971E+2
8,160000	1,133713E+2
8,166667	1,380971E+2
8,173333	6,391961E+1
8,180000	1,380971E+2
8,186667	1,133713E+2
8,193333	1,380971E+2
8,200000	1,875488E+2
8,206667	1,133713E+2
8,213333	1,875488E+2
8,220000	1,875488E+2
8,226667	2,122746E+2
8,233333	1,875488E+2
8,240000	1,875488E+2
8,246667	1,133713E+2
8,253333	1,380971E+2
8,260000	8,864545E+1
8,266667	1,133713E+2
8,273333	3,919377E+1
8,280000	8,864545E+1
8,286667	1,380971E+2
8,293333	1,875488E+2
8,300000	1,380971E+2
8,306667	1,133713E+2
8,313333	1,133713E+2
8,320000	1,133713E+2
8,326667	1,133713E+2
8,333333	1,875488E+2
8,340000	6,391961E+1
8,346667	1,133713E+2
8,353333	1,628230E+2
8,360000	1,133713E+2
8,366667	8,864545E+1
8,373333	1,380971E+2
8,380000	1,875488E+2
8,386667	2,122746E+2
8,393333	6,391961E+1
8,400000	2,122746E+2
8,406667	1,133713E+2
8,413333	1,628230E+2
8,420000	1,628230E+2
8,426667	3,919377E+1
8,433333	1,380971E+2
8,440000	2,122746E+2
8,446667	6,391961E+1
8,453333	1,133713E+2
8,460000	1,133713E+2
8,466667	8,864545E+1
8,473333	1,875488E+2
8,480000	1,133713E+2
8,486667	1,380971E+2
8,493333	1,380971E+2
8,500000	1,628230E+2
8,506667	1,133713E+2
8,513333	1,380971E+2
8,520000	1,133713E+2
8,526667	6,391961E+1
8,533333	1,380971E+2
8,540000	3,919377E+1
8,546667	6,391961E+1
8,553333	1,380971E+2
8,560000	6,391961E+1
8,566667	1,133713E+2
8,573333	1,875488E+2
8,580000	1,628230E+2
8,586667	1,133713E+2
8,593333	6,391961E+1
8,600000	1,133713E+2
8,606667	1,133713E+2
8,613333	1,875488E+2
8,620000	1,875488E+2
8,626667	1,133713E+2
8,633333	1,133713E+2
8,640000	1,380971E+2
8,646667	3,919377E+1
8,653333	1,133713E+2
8,660000	1,875488E+2
8,666667	1,133713E+2
8,673333	1,380971E+2
8,680000	1,133713E+2
8,686667	1,380971E+2
8,693333	3,919377E+1
8,700000	1,628230E+2
8,706667	6,391961E+1
8,713333	3,919377E+1
8,720000	1,133713E+2
8,726667	1,875488E+2
8,733333	1,380971E+2
8,740000	8,864545E+1
8,746667	1,875488E+2
8,753333	1,133713E+2
8,760000	8,864545E+1
8,766667	1,133713E+2
8,773333	8,864545E+1
8,780000	1,380971E+2
8,786667	1,875488E+2
8,793333	1,133713E+2
8,800000	1,380971E+2
8,806667	1,875488E+2
8,813333	8,864545E+1
8,820000	2,122746E+2
8,826667	3,919377E+1
8,833333	1,133713E+2
8,840000	2,122746E+2
8,846667	1,133713E+2
8,853333	3,919377E+1
8,860000	1,133713E+2
8,866667	1,628230E+2
8,873333	1,133713E+2
8,880000	1,133713E+2
8,886667	6,391961E+1
8,893333	1,133713E+2
8,900000	1,380971E+2
8,906667	1,380971E+2
8,913333	1,133713E+2
8,920000	1,628230E+2
8,926667	1,875488E+2
8,933333	1,133713E+2
8,940000	1,628230E+2
8,946667	1,133713E+2
8,953333	6,391961E+1
8,960000	1,133713E+2
8,966667	1,875488E+2
8,973333	1,875488E+2
8,980000	2,122746E+2
8,986667	2,122746E+2
8,993333	1,133713E+2
9,000000	1,133713E+2
9,006667	1,380971E+2
9,013333	1,133713E+2
9,020000	1,133713E+2
9,026667	1,133713E+2
9,033333	1,133713E+2
9,040000	6,391961E+1
9,046667	1,133713E+2
9,053333	1,628230E+2
9,060000	8,864545E+1
9,066667	8,864545E+1
9,073333	1,133713E+2
9,080000	1,133713E+2
9,086667	1,628230E+2
9,093333	1,133713E+2
9,100000	1,133713E+2
9,106667	6,391961E+1
9,113333	1,133713E+2
9,120000	1,875488E+2
9,126667	1,133713E+2
9,133333	1,133713E+2
9,140000	8,864545E+1
9,146667	1,133713E+2
9,153333	1,380971E+2
9,160000	1,628230E+2
9,166667	1,875488E+2
9,173333	1,133713E+2
9,180000	6,391961E+1
9,186667	8,864545E+1
9,193333	1,875488E+2
9,200000	1,133713E+2
9,206667	1,380971E+2
9,213333	1,133713E+2
9,220000	1,875488E+2
9,226667	8,864545E+1
9,233333	1,628230E+2
9,240000	1,875488E+2
9,246667	1,628230E+2
9,253333	1,133713E+2
9,260000	6,391961E+1
9,266667	1,133713E+2
9,273333	1,380971E+2
9,280000	2,122746E+2
9,286667	1,380971E+2
9,293333	6,391961E+1
9,300000	8,864545E+1
9,306667	1,133713E+2
9,313333	1,875488E+2
9,320000	1,380971E+2
9,326667	8,864545E+1
9,333333	1,380971E+2
9,340000	1,875488E+2
9,346667	1,628230E+2
9,353333	1,133713E+2
9,360000	1,875488E+2
9,366667	1,875488E+2
9,373333	1,133713E+2
9,380000	1,380971E+2
9,386667	1,628230E+2
9,393333	1,380971E+2
9,400000	8,864545E+1
9,406667	8,864545E+1
9,413333	6,391961E+1
9,420000	6,391961E+1
9,426667	8,864545E+1
9,433333	3,919377E+1
9,440000	8,864545E+1
9,446667	1,133713E+2
9,453333	1,628230E+2
9,460000	6,391961E+1
9,466667	8,864545E+1
9,473333	3,919377E+1
9,480000	6,391961E+1
9,486667	1,133713E+2
9,493333	1,133713E+2
9,500000	1,380971E+2
9,506667	2,122746E+2
9,513333	1,380971E+2
9,520000	1,380971E+2
9,526667	1,875488E+2
9,533333	1,875488E+2
9,540000	1,628230E+2
9,546667	1,380971E+2
9,553333	1,380971E+2
9,560000	6,391961E+1
9,566667	1,380971E+2
9,573333	2,122746E+2
9,580000	1,133713E+2
9,586667	8,864545E+1
9,593333	3,919377E+1
9,600000	8,864545E+1
9,606667	1,380971E+2
9,613333	3,919377E+1
9,620000	1,380971E+2
9,626667	1,380971E+2
9,633333	1,875488E+2
9,640000	1,133713E+2
9,646667	1,133713E+2
9,653333	6,391961E+1
9,660000	6,391961E+1
9,666667	8,864545E+1
9,673333	8,864545E+1
9,680000	1,380971E+2
9,686667	1,133713E+2
9,693333	1,628230E+2
9,700000	1,875488E+2
9,706667	1,133713E+2
9,713333	1,133713E+2
9,720000	8,864545E+1
9,726667	8,864545E+1
9,733333	6,391961E+1
9,740000	8,864545E+1
9,746667	6,391961E+1
9,753333	1,133713E+2
9,760000	1,380971E+2
9,766667	2,122746E+2
9,773333	1,133713E+2
9,780000	6,391961E+1
9,786667	1,628230E+2
9,793333	8,864545E+1
9,800000	1,380971E+2
9,806667	1,380971E+2
9,813333	1,380971E+2
9,820000	1,380971E+2
9,826667	1,133713E+2
9,833333	1,133713E+2
9,840000	1,875488E+2
9,846667	1,628230E+2
9,853333	6,391961E+1
9,860000	1,133713E+2
9,866667	1,133713E+2
9,873333	1,133713E+2
9,880000	1,133713E+2
9,886667	1,875488E+2
9,893333	2,122746E+2
9,900000	1,133713E+2
9,906667	3,919377E+1
9,913333	1,133713E+2
9,920000	2,122746E+2
9,926667	1,875488E+2
9,933333	1,380971E+2
9,940000	3,919377E+1
9,946667	8,864545E+1
9,953333	1,380971E+2
9,960000	1,133713E+2
9,966667	2,122746E+2
9,973333	1,133713E+2
9,980000	1,133713E+2
9,986667	1,133713E+2
9,993333	6,391961E+1
10,000000	1,133713E+2

