date/time: ,14/11/2025,11:46
Run 1

time	(LX)
0,000000	6,768986E+3
0,006667	6,766804E+3
0,013333	6,763168E+3
0,020000	6,749350E+3
0,026667	6,747896E+3
0,033333	6,742805E+3
0,040000	6,736260E+3
0,046667	6,746441E+3
0,053333	6,733351E+3
0,060000	6,751532E+3
0,066667	6,733351E+3
0,073333	6,727533E+3
0,080000	6,747896E+3
0,086667	6,762440E+3
0,093333	6,762440E+3
0,100000	6,775531E+3
0,106667	6,744987E+3
0,113333	6,759532E+3
0,120000	6,774076E+3
0,126667	6,752986E+3
0,133333	6,742078E+3
0,140000	6,735533E+3
0,146667	6,747169E+3
0,153333	6,743532E+3
0,160000	6,740624E+3
0,166667	6,755168E+3
0,173333	6,740624E+3
0,180000	6,763168E+3
0,186667	6,761713E+3
0,193333	6,767531E+3
0,200000	6,775531E+3
0,206667	6,755168E+3
0,213333	6,738442E+3
0,220000	6,752259E+3
0,226667	6,734078E+3
0,233333	6,741351E+3
0,240000	6,744987E+3
0,246667	6,739896E+3
0,253333	6,747896E+3
0,260000	6,753714E+3
0,266667	6,752986E+3
0,273333	6,751532E+3
0,280000	6,761713E+3
0,286667	6,745714E+3
0,293333	6,758077E+3
0,300000	6,752259E+3
0,306667	6,753714E+3
0,313333	6,742805E+3
0,320000	6,759532E+3
0,326667	6,753714E+3
0,333333	6,750805E+3
0,340000	6,760986E+3
0,346667	6,767531E+3
0,353333	6,772622E+3
0,360000	6,772622E+3
0,366667	6,774803E+3
0,373333	6,761713E+3
0,380000	6,757350E+3
0,386667	6,771167E+3
0,393333	6,771894E+3
0,400000	6,755895E+3
0,406667	6,757350E+3
0,413333	6,753714E+3
0,420000	6,769713E+3
0,426667	6,771167E+3
0,433333	6,763895E+3
0,440000	6,751532E+3
0,446667	6,762440E+3
0,453333	6,764622E+3
0,460000	6,752986E+3
0,466667	6,768258E+3
0,473333	6,755895E+3
0,480000	6,741351E+3
0,486667	6,752986E+3
0,493333	6,752986E+3
0,500000	6,767531E+3
0,506667	6,760986E+3
0,513333	6,760259E+3
0,520000	6,747169E+3
0,526667	6,756623E+3
0,533333	6,758804E+3
0,540000	6,734806E+3
0,546667	6,755168E+3
0,553333	6,738442E+3
0,560000	6,739169E+3
0,566667	6,742805E+3
0,573333	6,732624E+3
0,580000	6,739896E+3
0,586667	6,744260E+3
0,593333	6,723170E+3
0,600000	6,734806E+3
0,606667	6,731897E+3
0,613333	6,734806E+3
0,620000	6,737715E+3
0,626667	6,739169E+3
0,633333	6,745714E+3
0,640000	6,748623E+3
0,646667	6,737715E+3
0,653333	6,758077E+3
0,660000	6,723897E+3
0,666667	6,752986E+3
0,673333	6,718079E+3
0,680000	6,734806E+3
0,686667	6,743532E+3
0,693333	6,752986E+3
0,700000	6,751532E+3
0,706667	6,734806E+3
0,713333	6,722443E+3
0,720000	6,726079E+3
0,726667	6,755895E+3
0,733333	6,755168E+3
0,740000	6,747896E+3
0,746667	6,742805E+3
0,753333	6,739896E+3
0,760000	6,726806E+3
0,766667	6,734806E+3
0,773333	6,732624E+3
0,780000	6,752259E+3
0,786667	6,777712E+3
0,793333	6,744987E+3
0,800000	6,711534E+3
0,806667	6,723170E+3
0,813333	6,719534E+3
0,820000	6,750078E+3
0,826667	6,760986E+3
0,833333	6,753714E+3
0,840000	6,758077E+3
0,846667	6,766804E+3
0,853333	6,748623E+3
0,860000	6,766804E+3
0,866667	6,772622E+3
0,873333	6,748623E+3
0,880000	6,746441E+3
0,886667	6,758077E+3
0,893333	6,765349E+3
0,900000	6,744987E+3
0,906667	6,744987E+3
0,913333	6,742805E+3
0,920000	6,755895E+3
0,926667	6,751532E+3
0,933333	6,759532E+3
0,940000	6,760259E+3
0,946667	6,760986E+3
0,953333	6,753714E+3
0,960000	6,743532E+3
0,966667	6,758804E+3
0,973333	6,749350E+3
0,980000	6,751532E+3
0,986667	6,754441E+3
0,993333	6,760259E+3
1,000000	6,738442E+3
1,006667	6,752986E+3
1,013333	6,759532E+3
1,020000	6,744987E+3
1,026667	6,760986E+3
1,033333	6,744987E+3
1,040000	6,758804E+3
1,046667	6,750805E+3
1,053333	6,765349E+3
1,060000	6,765349E+3
1,066667	6,764622E+3
1,073333	6,772622E+3
1,080000	6,750805E+3
1,086667	6,763895E+3
1,093333	6,760259E+3
1,100000	6,777712E+3
1,106667	6,766804E+3
1,113333	6,775531E+3
1,120000	6,766804E+3
1,126667	6,770440E+3
1,133333	6,752986E+3
1,140000	6,739896E+3
1,146667	6,750078E+3
1,153333	6,755168E+3
1,160000	6,750078E+3
1,166667	6,761713E+3
1,173333	6,760986E+3
1,180000	6,771167E+3
1,186667	6,763168E+3
1,193333	6,776258E+3
1,200000	6,766804E+3
1,206667	6,759532E+3
1,213333	6,758804E+3
1,220000	6,772622E+3
1,226667	6,762440E+3
1,233333	6,763895E+3
1,240000	6,770440E+3
1,246667	6,787166E+3
1,253333	6,771894E+3
1,260000	6,775531E+3
1,266667	6,771167E+3
1,273333	6,769713E+3
1,280000	6,776258E+3
1,286667	6,768258E+3
1,293333	6,779167E+3
1,300000	6,771894E+3
1,306667	6,766077E+3
1,313333	6,764622E+3
1,320000	6,760986E+3
1,326667	6,767531E+3
1,333333	6,760259E+3
1,340000	6,764622E+3
1,346667	6,762440E+3
1,353333	6,768258E+3
1,360000	6,766077E+3
1,366667	6,776258E+3
1,373333	6,759532E+3
1,380000	6,762440E+3
1,386667	6,768986E+3
1,393333	6,774076E+3
1,400000	6,771167E+3
1,406667	6,759532E+3
1,413333	6,763895E+3
1,420000	6,744260E+3
1,426667	6,755168E+3
1,433333	6,768986E+3
1,440000	6,768258E+3
1,446667	6,778440E+3
1,453333	6,778440E+3
1,460000	6,765349E+3
1,466667	6,752259E+3
1,473333	6,761713E+3
1,480000	6,757350E+3
1,486667	6,767531E+3
1,493333	6,755895E+3
1,500000	6,756623E+3
1,506667	6,760259E+3
1,513333	6,753714E+3
1,520000	6,762440E+3
1,526667	6,768258E+3
1,533333	6,768258E+3
1,540000	6,742805E+3
1,546667	6,755168E+3
1,553333	6,756623E+3
1,560000	6,764622E+3
1,566667	6,766804E+3
1,573333	6,756623E+3
1,580000	6,764622E+3
1,586667	6,747169E+3
1,593333	6,760259E+3
1,600000	6,756623E+3
1,606667	6,747169E+3
1,613333	6,761713E+3
1,620000	6,751532E+3
1,626667	6,741351E+3
1,633333	6,739896E+3
1,640000	6,756623E+3
1,646667	6,768258E+3
1,653333	6,756623E+3
1,660000	6,751532E+3
1,666667	6,758077E+3
1,673333	6,749350E+3
1,680000	6,768986E+3
1,686667	6,748623E+3
1,693333	6,758077E+3
1,700000	6,756623E+3
1,706667	6,742805E+3
1,713333	6,771167E+3
1,720000	6,763895E+3
1,726667	6,772622E+3
1,733333	6,768258E+3
1,740000	6,751532E+3
1,746667	6,752986E+3
1,753333	6,752986E+3
1,760000	6,760259E+3
1,766667	6,765349E+3
1,773333	6,763168E+3
1,780000	6,750805E+3
1,786667	6,754441E+3
1,793333	6,749350E+3
1,800000	6,756623E+3
1,806667	6,755895E+3
1,813333	6,752986E+3
1,820000	6,763895E+3
1,826667	6,765349E+3
1,833333	6,758804E+3
1,840000	6,764622E+3
1,846667	6,755895E+3
1,853333	6,760986E+3
1,860000	6,756623E+3
1,866667	6,763168E+3
1,873333	6,765349E+3
1,880000	6,755895E+3
1,886667	6,767531E+3
1,893333	6,750805E+3
1,900000	6,753714E+3
1,906667	6,759532E+3
1,913333	6,766077E+3
1,920000	6,769713E+3
1,926667	6,779894E+3
1,933333	6,772622E+3
1,940000	6,769713E+3
1,946667	6,760259E+3
1,953333	6,754441E+3
1,960000	6,753714E+3
1,966667	6,760986E+3
1,973333	6,757350E+3
1,980000	6,766077E+3
1,986667	6,756623E+3
1,993333	6,756623E+3
2,000000	6,766804E+3
2,006667	6,774803E+3
2,013333	6,766077E+3
2,020000	6,759532E+3
2,026667	6,761713E+3
2,033333	6,769713E+3
2,040000	6,772622E+3
2,046667	6,770440E+3
2,053333	6,778440E+3
2,060000	6,781348E+3
2,066667	6,760259E+3
2,073333	6,760259E+3
2,080000	6,761713E+3
2,086667	6,770440E+3
2,093333	6,751532E+3
2,100000	6,746441E+3
2,106667	6,762440E+3
2,113333	6,763168E+3
2,120000	6,764622E+3
2,126667	6,759532E+3
2,133333	6,753714E+3
2,140000	6,760259E+3
2,146667	6,761713E+3
2,153333	6,768258E+3
2,160000	6,769713E+3
2,166667	6,773349E+3
2,173333	6,786439E+3
2,180000	6,766804E+3
2,186667	6,776985E+3
2,193333	6,766804E+3
2,200000	6,775531E+3
2,206667	6,764622E+3
2,213333	6,764622E+3
2,220000	6,762440E+3
2,226667	6,768258E+3
2,233333	6,757350E+3
2,240000	6,765349E+3
2,246667	6,763895E+3
2,253333	6,753714E+3
2,260000	6,756623E+3
2,266667	6,751532E+3
2,273333	6,757350E+3
2,280000	6,757350E+3
2,286667	6,760259E+3
2,293333	6,748623E+3
2,300000	6,759532E+3
2,306667	6,756623E+3
2,313333	6,760986E+3
2,320000	6,753714E+3
2,326667	6,758804E+3
2,333333	6,756623E+3
2,340000	6,750078E+3
2,346667	6,750078E+3
2,353333	6,758077E+3
2,360000	6,747896E+3
2,366667	6,751532E+3
2,373333	6,746441E+3
2,380000	6,749350E+3
2,386667	6,745714E+3
2,393333	6,759532E+3
2,400000	6,742805E+3
2,406667	6,757350E+3
2,413333	6,749350E+3
2,420000	6,736260E+3
2,426667	6,754441E+3
2,433333	6,742805E+3
2,440000	6,758077E+3
2,446667	6,736987E+3
2,453333	6,725352E+3
2,460000	6,741351E+3
2,466667	6,750805E+3
2,473333	6,750078E+3
2,480000	6,749350E+3
2,486667	6,739169E+3
2,493333	6,752259E+3
2,500000	6,754441E+3
2,506667	6,755895E+3
2,513333	6,764622E+3
2,520000	6,754441E+3
2,526667	6,767531E+3
2,533333	6,766077E+3
2,540000	6,752986E+3
2,546667	6,759532E+3
2,553333	6,749350E+3
2,560000	6,760259E+3
2,566667	6,750805E+3
2,573333	6,760986E+3
2,580000	6,755895E+3
2,586667	6,758077E+3
2,593333	6,751532E+3
2,600000	6,752986E+3
2,606667	6,752259E+3
2,613333	6,742078E+3
2,620000	6,757350E+3
2,626667	6,752986E+3
2,633333	6,750078E+3
2,640000	6,750805E+3
2,646667	6,747169E+3
2,653333	6,750078E+3
2,660000	6,743532E+3
2,666667	6,755168E+3
2,673333	6,749350E+3
2,680000	6,756623E+3
2,686667	6,750078E+3
2,693333	6,752986E+3
2,700000	6,752986E+3
2,706667	6,755168E+3
2,713333	6,755168E+3
2,720000	6,762440E+3
2,726667	6,756623E+3
2,733333	6,758804E+3
2,740000	6,753714E+3
2,746667	6,760259E+3
2,753333	6,760986E+3
2,760000	6,763895E+3
2,766667	6,761713E+3
2,773333	6,757350E+3
2,780000	6,758804E+3
2,786667	6,754441E+3
2,793333	6,753714E+3
2,800000	6,753714E+3
2,806667	6,761713E+3
2,813333	6,758077E+3
2,820000	6,750805E+3
2,826667	6,761713E+3
2,833333	6,752259E+3
2,840000	6,766804E+3
2,846667	6,756623E+3
2,853333	6,749350E+3
2,860000	6,744260E+3
2,866667	6,748623E+3
2,873333	6,751532E+3
2,880000	6,741351E+3
2,886667	6,750805E+3
2,893333	6,747169E+3
2,900000	6,747896E+3
2,906667	6,751532E+3
2,913333	6,757350E+3
2,920000	6,759532E+3
2,926667	6,752259E+3
2,933333	6,758804E+3
2,940000	6,738442E+3
2,946667	6,745714E+3
2,953333	6,734806E+3
2,960000	6,746441E+3
2,966667	6,763168E+3
2,973333	6,761713E+3
2,980000	6,756623E+3
2,986667	6,763895E+3
2,993333	6,758077E+3
3,000000	6,770440E+3
3,006667	6,763895E+3
3,013333	6,748623E+3
3,020000	6,749350E+3
3,026667	6,753714E+3
3,033333	6,763168E+3
3,040000	6,755895E+3
3,046667	6,757350E+3
3,053333	6,758804E+3
3,060000	6,754441E+3
3,066667	6,740624E+3
3,073333	6,738442E+3
3,080000	6,734078E+3
3,086667	6,721716E+3
3,093333	6,739169E+3
3,100000	6,745714E+3
3,106667	6,763895E+3
3,113333	6,764622E+3
3,120000	6,742078E+3
3,126667	6,756623E+3
3,133333	6,750078E+3
3,140000	6,758077E+3
3,146667	6,769713E+3
3,153333	6,755895E+3
3,160000	6,745714E+3
3,166667	6,752259E+3
3,173333	6,752986E+3
3,180000	6,758804E+3
3,186667	6,749350E+3
3,193333	6,753714E+3
3,200000	6,752259E+3
3,206667	6,753714E+3
3,213333	6,755895E+3
3,220000	6,749350E+3
3,226667	6,755168E+3
3,233333	6,752986E+3
3,240000	6,764622E+3
3,246667	6,754441E+3
3,253333	6,756623E+3
3,260000	6,751532E+3
3,266667	6,757350E+3
3,273333	6,736987E+3
3,280000	6,748623E+3
3,286667	6,747169E+3
3,293333	6,744987E+3
3,300000	6,755168E+3
3,306667	6,759532E+3
3,313333	6,761713E+3
3,320000	6,741351E+3
3,326667	6,750078E+3
3,333333	6,744260E+3
3,340000	6,747169E+3
3,346667	6,752259E+3
3,353333	6,755168E+3
3,360000	6,751532E+3
3,366667	6,751532E+3
3,373333	6,755895E+3
3,380000	6,748623E+3
3,386667	6,750805E+3
3,393333	6,732624E+3
3,400000	6,744987E+3
3,406667	6,748623E+3
3,413333	6,746441E+3
3,420000	6,738442E+3
3,426667	6,739169E+3
3,433333	6,737715E+3
3,440000	6,716625E+3
3,446667	6,733351E+3
3,453333	6,720261E+3
3,460000	6,731170E+3
3,466667	6,739896E+3
3,473333	6,749350E+3
3,480000	6,744260E+3
3,486667	6,749350E+3
3,493333	6,754441E+3
3,500000	6,735533E+3
3,506667	6,771167E+3
3,513333	6,748623E+3
3,520000	6,749350E+3
3,526667	6,742078E+3
3,533333	6,747169E+3
3,540000	6,752986E+3
3,546667	6,754441E+3
3,553333	6,759532E+3
3,560000	6,756623E+3
3,566667	6,753714E+3
3,573333	6,757350E+3
3,580000	6,748623E+3
3,586667	6,733351E+3
3,593333	6,737715E+3
3,600000	6,743532E+3
3,606667	6,754441E+3
3,613333	6,751532E+3
3,620000	6,755895E+3
3,626667	6,763168E+3
3,633333	6,745714E+3
3,640000	6,749350E+3
3,646667	6,751532E+3
3,653333	6,760986E+3
3,660000	6,758804E+3
3,666667	6,752259E+3
3,673333	6,753714E+3
3,680000	6,750805E+3
3,686667	6,752259E+3
3,693333	6,750805E+3
3,700000	6,746441E+3
3,706667	6,742805E+3
3,713333	6,748623E+3
3,720000	6,749350E+3
3,726667	6,745714E+3
3,733333	6,734078E+3
3,740000	6,745714E+3
3,746667	6,734806E+3
3,753333	6,736987E+3
3,760000	6,744260E+3
3,766667	6,733351E+3
3,773333	6,736987E+3
3,780000	6,734806E+3
3,786667	6,743532E+3
3,793333	6,739896E+3
3,800000	6,751532E+3
3,806667	6,762440E+3
3,813333	6,759532E+3
3,820000	6,757350E+3
3,826667	6,764622E+3
3,833333	6,771167E+3
3,840000	6,758077E+3
3,846667	6,768258E+3
3,853333	6,754441E+3
3,860000	6,763895E+3
3,866667	6,755895E+3
3,873333	6,744260E+3
3,880000	6,748623E+3
3,886667	6,744260E+3
3,893333	6,767531E+3
3,900000	6,766077E+3
3,906667	6,755895E+3
3,913333	6,768986E+3
3,920000	6,766077E+3
3,926667	6,775531E+3
3,933333	6,751532E+3
3,940000	6,756623E+3
3,946667	6,758804E+3
3,953333	6,764622E+3
3,960000	6,771894E+3
3,966667	6,763168E+3
3,973333	6,766077E+3
3,980000	6,767531E+3
3,986667	6,762440E+3
3,993333	6,760259E+3
4,000000	6,755895E+3
4,006667	6,751532E+3
4,013333	6,758804E+3
4,020000	6,742078E+3
4,026667	6,770440E+3
4,033333	6,759532E+3
4,040000	6,771167E+3
4,046667	6,769713E+3
4,053333	6,760259E+3
4,060000	6,755895E+3
4,066667	6,755168E+3
4,073333	6,763168E+3
4,080000	6,755895E+3
4,086667	6,753714E+3
4,093333	6,755895E+3
4,100000	6,760986E+3
4,106667	6,753714E+3
4,113333	6,745714E+3
4,120000	6,754441E+3
4,126667	6,754441E+3
4,133333	6,752986E+3
4,140000	6,755895E+3
4,146667	6,750078E+3
4,153333	6,748623E+3
4,160000	6,744987E+3
4,166667	6,747896E+3
4,173333	6,755168E+3
4,180000	6,754441E+3
4,186667	6,751532E+3
4,193333	6,754441E+3
4,200000	6,747896E+3
4,206667	6,744987E+3
4,213333	6,748623E+3
4,220000	6,746441E+3
4,226667	6,748623E+3
4,233333	6,742805E+3
4,240000	6,752986E+3
4,246667	6,749350E+3
4,253333	6,750078E+3
4,260000	6,771167E+3
4,266667	6,767531E+3
4,273333	6,767531E+3
4,280000	6,766077E+3
4,286667	6,766804E+3
4,293333	6,763168E+3
4,300000	6,768258E+3
4,306667	6,757350E+3
4,313333	6,752259E+3
4,320000	6,752259E+3
4,326667	6,744260E+3
4,333333	6,723897E+3
4,340000	6,734806E+3
4,346667	6,748623E+3
4,353333	6,736260E+3
4,360000	6,736987E+3
4,366667	6,728988E+3
4,373333	6,739169E+3
4,380000	6,748623E+3
4,386667	6,749350E+3
4,393333	6,744260E+3
4,400000	6,746441E+3
4,406667	6,753714E+3
4,413333	6,747169E+3
4,420000	6,762440E+3
4,426667	6,755895E+3
4,433333	6,763168E+3
4,440000	6,756623E+3
4,446667	6,763895E+3
4,453333	6,761713E+3
4,460000	6,747896E+3
4,466667	6,760986E+3
4,473333	6,755895E+3
4,480000	6,758077E+3
4,486667	6,763168E+3
4,493333	6,752986E+3
4,500000	6,754441E+3
4,506667	6,752986E+3
4,513333	6,765349E+3
4,520000	6,759532E+3
4,526667	6,763168E+3
4,533333	6,768258E+3
4,540000	6,756623E+3
4,546667	6,760986E+3
4,553333	6,777712E+3
4,560000	6,779894E+3
4,566667	6,773349E+3
4,573333	6,771167E+3
4,580000	6,763168E+3
4,586667	6,769713E+3
4,593333	6,760986E+3
4,600000	6,758077E+3
4,606667	6,749350E+3
4,613333	6,752986E+3
4,620000	6,755168E+3
4,626667	6,759532E+3
4,633333	6,748623E+3
4,640000	6,754441E+3
4,646667	6,745714E+3
4,653333	6,755895E+3
4,660000	6,746441E+3
4,666667	6,750078E+3
4,673333	6,752986E+3
4,680000	6,758804E+3
4,686667	6,758077E+3
4,693333	6,755168E+3
4,700000	6,765349E+3
4,706667	6,773349E+3
4,713333	6,751532E+3
4,720000	6,747896E+3
4,726667	6,744987E+3
4,733333	6,746441E+3
4,740000	6,744260E+3
4,746667	6,752259E+3
4,753333	6,766077E+3
4,760000	6,763895E+3
4,766667	6,774076E+3
4,773333	6,769713E+3
4,780000	6,771167E+3
4,786667	6,750078E+3
4,793333	6,752259E+3
4,800000	6,766077E+3
4,806667	6,760259E+3
4,813333	6,741351E+3
4,820000	6,758804E+3
4,826667	6,751532E+3
4,833333	6,750805E+3
4,840000	6,764622E+3
4,846667	6,754441E+3
4,853333	6,742078E+3
4,860000	6,748623E+3
4,866667	6,742078E+3
4,873333	6,749350E+3
4,880000	6,752986E+3
4,886667	6,751532E+3
4,893333	6,744260E+3
4,900000	6,742805E+3
4,906667	6,757350E+3
4,913333	6,752986E+3
4,920000	6,762440E+3
4,926667	6,751532E+3
4,933333	6,743532E+3
4,940000	6,753714E+3
4,946667	6,747169E+3
4,953333	6,753714E+3
4,960000	6,742078E+3
4,966667	6,764622E+3
4,973333	6,761713E+3
4,980000	6,758077E+3
4,986667	6,755895E+3
4,993333	6,750805E+3
5,000000	6,747896E+3

