date/time: ,14/11/2025,12:00
Run 1

time	(LX)
0,000000	3,610183E+4
0,006667	3,610547E+4
0,013333	3,609092E+4
0,020000	3,610619E+4
0,026667	3,609238E+4
0,033333	3,611565E+4
0,040000	3,608510E+4
0,046667	3,611419E+4
0,053333	3,610110E+4
0,060000	3,611783E+4
0,066667	3,610183E+4
0,073333	3,610038E+4
0,080000	3,611856E+4
0,086667	3,608874E+4
0,093333	3,612583E+4
0,100000	3,609529E+4
0,106667	3,614910E+4
0,113333	3,610038E+4
0,120000	3,611347E+4
0,126667	3,612656E+4
0,133333	3,611056E+4
0,140000	3,612801E+4
0,146667	3,608365E+4
0,153333	3,611419E+4
0,160000	3,609310E+4
0,166667	3,611056E+4
0,173333	3,610329E+4
0,180000	3,610910E+4
0,186667	3,611856E+4
0,193333	3,610183E+4
0,200000	3,610838E+4
0,206667	3,607783E+4
0,213333	3,611419E+4
0,220000	3,607565E+4
0,226667	3,610329E+4
0,233333	3,609020E+4
0,240000	3,610547E+4
0,246667	3,611419E+4
0,253333	3,610401E+4
0,260000	3,612510E+4
0,266667	3,610474E+4
0,273333	3,611928E+4
0,280000	3,608874E+4
0,286667	3,610256E+4
0,293333	3,609020E+4
0,300000	3,610692E+4
0,306667	3,608656E+4
0,313333	3,609310E+4
0,320000	3,609674E+4
0,326667	3,609456E+4
0,333333	3,609310E+4
0,340000	3,608801E+4
0,346667	3,611274E+4
0,353333	3,609965E+4
0,360000	3,610329E+4
0,366667	3,611056E+4
0,373333	3,610619E+4
0,380000	3,612147E+4
0,386667	3,609601E+4
0,393333	3,612510E+4
0,400000	3,610329E+4
0,406667	3,612147E+4
0,413333	3,609819E+4
0,420000	3,610329E+4
0,426667	3,608583E+4
0,433333	3,611201E+4
0,440000	3,610256E+4
0,446667	3,609165E+4
0,453333	3,610838E+4
0,460000	3,608510E+4
0,466667	3,610765E+4
0,473333	3,609529E+4
0,480000	3,611710E+4
0,486667	3,610692E+4
0,493333	3,610256E+4
0,500000	3,610401E+4
0,506667	3,609238E+4
0,513333	3,609747E+4
0,520000	3,608510E+4
0,526667	3,611638E+4
0,533333	3,609529E+4
0,540000	3,611856E+4
0,546667	3,610256E+4
0,553333	3,612365E+4
0,560000	3,610692E+4
0,566667	3,610183E+4
0,573333	3,610183E+4
0,580000	3,609020E+4
0,586667	3,611419E+4
0,593333	3,609020E+4
0,600000	3,611274E+4
0,606667	3,608583E+4
0,613333	3,611347E+4
0,620000	3,610838E+4
0,626667	3,611856E+4
0,633333	3,610765E+4
0,640000	3,609892E+4
0,646667	3,609892E+4
0,653333	3,609092E+4
0,660000	3,610838E+4
0,666667	3,609819E+4
0,673333	3,612365E+4
0,680000	3,609165E+4
0,686667	3,610838E+4
0,693333	3,610038E+4
0,700000	3,610547E+4
0,706667	3,611274E+4
0,713333	3,609456E+4
0,720000	3,610619E+4
0,726667	3,609747E+4
0,733333	3,609383E+4
0,740000	3,612365E+4
0,746667	3,608874E+4
0,753333	3,609965E+4
0,760000	3,608220E+4
0,766667	3,610619E+4
0,773333	3,609892E+4
0,780000	3,610401E+4
0,786667	3,612292E+4
0,793333	3,609965E+4
0,800000	3,610474E+4
0,806667	3,608365E+4
0,813333	3,611274E+4
0,820000	3,608947E+4
0,826667	3,610765E+4
0,833333	3,609892E+4
0,840000	3,609456E+4
0,846667	3,610692E+4
0,853333	3,610110E+4
0,860000	3,610329E+4
0,866667	3,609020E+4
0,873333	3,611710E+4
0,880000	3,610110E+4
0,886667	3,610474E+4
0,893333	3,609310E+4
0,900000	3,609165E+4
0,906667	3,611201E+4
0,913333	3,609674E+4
0,920000	3,609819E+4
0,926667	3,609892E+4
0,933333	3,610910E+4
0,940000	3,609383E+4
0,946667	3,610038E+4
0,953333	3,609674E+4
0,960000	3,607638E+4
0,966667	3,610256E+4
0,973333	3,609238E+4
0,980000	3,610110E+4
0,986667	3,610110E+4
0,993333	3,609819E+4
1,000000	3,611347E+4
1,006667	3,609529E+4
1,013333	3,610983E+4
1,020000	3,608656E+4
1,026667	3,610692E+4
1,033333	3,608001E+4
1,040000	3,610765E+4
1,046667	3,610547E+4
1,053333	3,610183E+4
1,060000	3,610256E+4
1,066667	3,610547E+4
1,073333	3,611783E+4
1,080000	3,608583E+4
1,086667	3,611492E+4
1,093333	3,609092E+4
1,100000	3,610401E+4
1,106667	3,609819E+4
1,113333	3,610329E+4
1,120000	3,611492E+4
1,126667	3,609601E+4
1,133333	3,610619E+4
1,140000	3,609965E+4
1,146667	3,609529E+4
1,153333	3,610547E+4
1,160000	3,610619E+4
1,166667	3,610329E+4
1,173333	3,610401E+4
1,180000	3,611201E+4
1,186667	3,609747E+4
1,193333	3,611492E+4
1,200000	3,611274E+4
1,206667	3,609819E+4
1,213333	3,610910E+4
1,220000	3,610110E+4
1,226667	3,611783E+4
1,233333	3,610619E+4
1,240000	3,609674E+4
1,246667	3,609601E+4
1,253333	3,610474E+4
1,260000	3,610619E+4
1,266667	3,611274E+4
1,273333	3,610838E+4
1,280000	3,611128E+4
1,286667	3,610619E+4
1,293333	3,609310E+4
1,300000	3,611419E+4
1,306667	3,610983E+4
1,313333	3,612365E+4
1,320000	3,610183E+4
1,326667	3,611128E+4
1,333333	3,610692E+4
1,340000	3,610547E+4
1,346667	3,610401E+4
1,353333	3,610910E+4
1,360000	3,610256E+4
1,366667	3,610910E+4
1,373333	3,610765E+4
1,380000	3,612219E+4
1,386667	3,611783E+4
1,393333	3,610765E+4
1,400000	3,611274E+4
1,406667	3,610183E+4
1,413333	3,611565E+4
1,420000	3,610692E+4
1,426667	3,612074E+4
1,433333	3,611274E+4
1,440000	3,609601E+4
1,446667	3,611710E+4
1,453333	3,609819E+4
1,460000	3,610910E+4
1,466667	3,610910E+4
1,473333	3,611274E+4
1,480000	3,608801E+4
1,486667	3,609674E+4
1,493333	3,609674E+4
1,500000	3,610765E+4
1,506667	3,611201E+4
1,513333	3,611128E+4
1,520000	3,612583E+4
1,526667	3,612510E+4
1,533333	3,611201E+4
1,540000	3,610547E+4
1,546667	3,609965E+4
1,553333	3,611274E+4
1,560000	3,608874E+4
1,566667	3,610547E+4
1,573333	3,609310E+4
1,580000	3,609674E+4
1,586667	3,610329E+4
1,593333	3,608292E+4
1,600000	3,610692E+4
1,606667	3,608147E+4
1,613333	3,610110E+4
1,620000	3,609529E+4
1,626667	3,608801E+4
1,633333	3,610619E+4
1,640000	3,609092E+4
1,646667	3,611201E+4
1,653333	3,609020E+4
1,660000	3,611056E+4
1,666667	3,608801E+4
1,673333	3,609892E+4
1,680000	3,610038E+4
1,686667	3,608874E+4
1,693333	3,611492E+4
1,700000	3,610910E+4
1,706667	3,612438E+4
1,713333	3,610256E+4
1,720000	3,611274E+4
1,726667	3,611201E+4
1,733333	3,611274E+4
1,740000	3,612728E+4
1,746667	3,608292E+4
1,753333	3,610329E+4
1,760000	3,608292E+4
1,766667	3,610619E+4
1,773333	3,610474E+4
1,780000	3,611783E+4
1,786667	3,610983E+4
1,793333	3,609747E+4
1,800000	3,610692E+4
1,806667	3,610183E+4
1,813333	3,610329E+4
1,820000	3,609965E+4
1,826667	3,610474E+4
1,833333	3,610983E+4
1,840000	3,609965E+4
1,846667	3,611201E+4
1,853333	3,609747E+4
1,860000	3,609674E+4
1,866667	3,609092E+4
1,873333	3,610256E+4
1,880000	3,609238E+4
1,886667	3,609965E+4
1,893333	3,611638E+4
1,900000	3,610765E+4
1,906667	3,610256E+4
1,913333	3,610110E+4
1,920000	3,610474E+4
1,926667	3,610038E+4
1,933333	3,608656E+4
1,940000	3,609020E+4
1,946667	3,608656E+4
1,953333	3,611783E+4
1,960000	3,609456E+4
1,966667	3,610256E+4
1,973333	3,609092E+4
1,980000	3,610910E+4
1,986667	3,609747E+4
1,993333	3,610619E+4
2,000000	3,611056E+4
2,006667	3,609238E+4
2,013333	3,611565E+4
2,020000	3,609892E+4
2,026667	3,611347E+4
2,033333	3,609529E+4
2,040000	3,611201E+4
2,046667	3,610619E+4
2,053333	3,609819E+4
2,060000	3,609747E+4
2,066667	3,609529E+4
2,073333	3,609892E+4
2,080000	3,610256E+4
2,086667	3,611274E+4
2,093333	3,609529E+4
2,100000	3,611128E+4
2,106667	3,610183E+4
2,113333	3,609601E+4
2,120000	3,609674E+4
2,126667	3,609747E+4
2,133333	3,611128E+4
2,140000	3,610183E+4
2,146667	3,610474E+4
2,153333	3,610256E+4
2,160000	3,609020E+4
2,166667	3,609165E+4
2,173333	3,610983E+4
2,180000	3,610838E+4
2,186667	3,611419E+4
2,193333	3,611128E+4
2,200000	3,609529E+4
2,206667	3,609819E+4
2,213333	3,609456E+4
2,220000	3,610401E+4
2,226667	3,610329E+4
2,233333	3,611565E+4
2,240000	3,610329E+4
2,246667	3,609601E+4
2,253333	3,609819E+4
2,260000	3,609310E+4
2,266667	3,608874E+4
2,273333	3,609674E+4
2,280000	3,609165E+4
2,286667	3,610474E+4
2,293333	3,610329E+4
2,300000	3,609456E+4
2,306667	3,610183E+4
2,313333	3,608656E+4
2,320000	3,610838E+4
2,326667	3,609965E+4
2,333333	3,609892E+4
2,340000	3,610110E+4
2,346667	3,609601E+4
2,353333	3,608947E+4
2,360000	3,611274E+4
2,366667	3,610838E+4
2,373333	3,610910E+4
2,380000	3,608438E+4
2,386667	3,609601E+4
2,393333	3,608947E+4
2,400000	3,609674E+4
2,406667	3,609383E+4
2,413333	3,610038E+4
2,420000	3,610183E+4
2,426667	3,609601E+4
2,433333	3,610183E+4
2,440000	3,610619E+4
2,446667	3,610183E+4
2,453333	3,610983E+4
2,460000	3,611056E+4
2,466667	3,609238E+4
2,473333	3,611856E+4
2,480000	3,609529E+4
2,486667	3,610838E+4
2,493333	3,609892E+4
2,500000	3,608656E+4
2,506667	3,611419E+4
2,513333	3,608947E+4
2,520000	3,610110E+4
2,526667	3,610038E+4
2,533333	3,611201E+4
2,540000	3,609456E+4
2,546667	3,610474E+4
2,553333	3,609238E+4
2,560000	3,609674E+4
2,566667	3,609819E+4
2,573333	3,608874E+4
2,580000	3,610183E+4
2,586667	3,609747E+4
2,593333	3,608656E+4
2,600000	3,611492E+4
2,606667	3,610110E+4
2,613333	3,609747E+4
2,620000	3,609965E+4
2,626667	3,609310E+4
2,633333	3,610183E+4
2,640000	3,609892E+4
2,646667	3,610038E+4
2,653333	3,609456E+4
2,660000	3,610474E+4
2,666667	3,609310E+4
2,673333	3,608583E+4
2,680000	3,609238E+4
2,686667	3,607856E+4
2,693333	3,611565E+4
2,700000	3,608947E+4
2,706667	3,610765E+4
2,713333	3,608947E+4
2,720000	3,611201E+4
2,726667	3,610474E+4
2,733333	3,610983E+4
2,740000	3,611419E+4
2,746667	3,609456E+4
2,753333	3,611856E+4
2,760000	3,608874E+4
2,766667	3,610547E+4
2,773333	3,609092E+4
2,780000	3,610329E+4
2,786667	3,609383E+4
2,793333	3,609892E+4
2,800000	3,610838E+4
2,806667	3,609892E+4
2,813333	3,610838E+4
2,820000	3,609383E+4
2,826667	3,612438E+4
2,833333	3,611710E+4
2,840000	3,611783E+4
2,846667	3,609456E+4
2,853333	3,610547E+4
2,860000	3,611347E+4
2,866667	3,610838E+4
2,873333	3,611856E+4
2,880000	3,609601E+4
2,886667	3,611638E+4
2,893333	3,608729E+4
2,900000	3,611419E+4
2,906667	3,610983E+4
2,913333	3,611710E+4
2,920000	3,611201E+4
2,926667	3,610401E+4
2,933333	3,612656E+4
2,940000	3,611056E+4
2,946667	3,611274E+4
2,953333	3,610619E+4
2,960000	3,609819E+4
2,966667	3,611419E+4
2,973333	3,612292E+4
2,980000	3,610329E+4
2,986667	3,609601E+4
2,993333	3,609892E+4
3,000000	3,610765E+4
3,006667	3,611492E+4
3,013333	3,609383E+4
3,020000	3,611056E+4
3,026667	3,609892E+4
3,033333	3,609383E+4
3,040000	3,608801E+4
3,046667	3,610692E+4
3,053333	3,608874E+4
3,060000	3,612074E+4
3,066667	3,609747E+4
3,073333	3,609529E+4
3,080000	3,610910E+4
3,086667	3,609092E+4
3,093333	3,611274E+4
3,100000	3,610256E+4
3,106667	3,608947E+4
3,113333	3,610038E+4
3,120000	3,611056E+4
3,126667	3,609310E+4
3,133333	3,610401E+4
3,140000	3,610692E+4
3,146667	3,610110E+4
3,153333	3,610401E+4
3,160000	3,611056E+4
3,166667	3,610329E+4
3,173333	3,609819E+4
3,180000	3,609601E+4
3,186667	3,611128E+4
3,193333	3,609674E+4
3,200000	3,611274E+4
3,206667	3,609601E+4
3,213333	3,610038E+4
3,220000	3,608729E+4
3,226667	3,610038E+4
3,233333	3,610256E+4
3,240000	3,612147E+4
3,246667	3,610838E+4
3,253333	3,609601E+4
3,260000	3,609165E+4
3,266667	3,610838E+4
3,273333	3,609092E+4
3,280000	3,609310E+4
3,286667	3,608074E+4
3,293333	3,609965E+4
3,300000	3,610183E+4
3,306667	3,608438E+4
3,313333	3,610110E+4
3,320000	3,609092E+4
3,326667	3,610110E+4
3,333333	3,609456E+4
3,340000	3,608947E+4
3,346667	3,610547E+4
3,353333	3,609819E+4
3,360000	3,610910E+4
3,366667	3,608292E+4
3,373333	3,610765E+4
3,380000	3,609020E+4
3,386667	3,608801E+4
3,393333	3,609456E+4
3,400000	3,609383E+4
3,406667	3,609674E+4
3,413333	3,609674E+4
3,420000	3,609238E+4
3,426667	3,609674E+4
3,433333	3,610329E+4
3,440000	3,609747E+4
3,446667	3,610329E+4
3,453333	3,610983E+4
3,460000	3,611056E+4
3,466667	3,608947E+4
3,473333	3,611274E+4
3,480000	3,609165E+4
3,486667	3,610329E+4
3,493333	3,609965E+4
3,500000	3,610110E+4
3,506667	3,609819E+4
3,513333	3,609529E+4
3,520000	3,612219E+4
3,526667	3,609238E+4
3,533333	3,611710E+4
3,540000	3,610183E+4
3,546667	3,610183E+4
3,553333	3,610619E+4
3,560000	3,609601E+4
3,566667	3,610401E+4
3,573333	3,608801E+4
3,580000	3,608583E+4
3,586667	3,609092E+4
3,593333	3,610110E+4
3,600000	3,611274E+4
3,606667	3,610692E+4
3,613333	3,609092E+4
3,620000	3,611274E+4
3,626667	3,610983E+4
3,633333	3,610256E+4
3,640000	3,612292E+4
3,646667	3,609529E+4
3,653333	3,612074E+4
3,660000	3,609965E+4
3,666667	3,611856E+4
3,673333	3,610256E+4
3,680000	3,613019E+4
3,686667	3,609892E+4
3,693333	3,610038E+4
3,700000	3,609383E+4
3,706667	3,609819E+4
3,713333	3,609238E+4
3,720000	3,609747E+4
3,726667	3,609383E+4
3,733333	3,610329E+4
3,740000	3,609965E+4
3,746667	3,610547E+4
3,753333	3,609747E+4
3,760000	3,609819E+4
3,766667	3,610765E+4
3,773333	3,609092E+4
3,780000	3,610183E+4
3,786667	3,610765E+4
3,793333	3,609383E+4
3,800000	3,611274E+4
3,806667	3,610183E+4
3,813333	3,610692E+4
3,820000	3,608801E+4
3,826667	3,610038E+4
3,833333	3,607056E+4
3,840000	3,606547E+4
3,846667	3,608220E+4
3,853333	3,608583E+4
3,860000	3,608874E+4
3,866667	3,608729E+4
3,873333	3,610619E+4
3,880000	3,609529E+4
3,886667	3,610183E+4
3,893333	3,609456E+4
3,900000	3,611347E+4
3,906667	3,611492E+4
3,913333	3,608583E+4
3,920000	3,608365E+4
3,926667	3,607201E+4
3,933333	3,610401E+4
3,940000	3,609383E+4
3,946667	3,610110E+4
3,953333	3,609965E+4
3,960000	3,608947E+4
3,966667	3,610038E+4
3,973333	3,609383E+4
3,980000	3,610110E+4
3,986667	3,609020E+4
3,993333	3,609819E+4
4,000000	3,610547E+4
4,006667	3,608729E+4
4,013333	3,610547E+4
4,020000	3,610619E+4
4,026667	3,610983E+4
4,033333	3,609747E+4
4,040000	3,609456E+4
4,046667	3,611783E+4
4,053333	3,609965E+4
4,060000	3,610401E+4
4,066667	3,609238E+4
4,073333	3,610692E+4
4,080000	3,611419E+4
4,086667	3,609020E+4
4,093333	3,611638E+4
4,100000	3,608656E+4
4,106667	3,610110E+4
4,113333	3,609601E+4
4,120000	3,609456E+4
4,126667	3,609747E+4
4,133333	3,610038E+4
4,140000	3,611201E+4
4,146667	3,608656E+4
4,153333	3,610401E+4
4,160000	3,610692E+4
4,166667	3,610910E+4
4,173333	3,611710E+4
4,180000	3,610765E+4
4,186667	3,610547E+4
4,193333	3,611201E+4
4,200000	3,610547E+4
4,206667	3,609747E+4
4,213333	3,609165E+4
4,220000	3,608583E+4
4,226667	3,609092E+4
4,233333	3,609965E+4
4,240000	3,610910E+4
4,246667	3,610329E+4
4,253333	3,610183E+4
4,260000	3,609601E+4
4,266667	3,610765E+4
4,273333	3,609456E+4
4,280000	3,608947E+4
4,286667	3,610183E+4
4,293333	3,610619E+4
4,300000	3,610692E+4
4,306667	3,610183E+4
4,313333	3,610983E+4
4,320000	3,610256E+4
4,326667	3,610838E+4
4,333333	3,609383E+4
4,340000	3,610401E+4
4,346667	3,610401E+4
4,353333	3,611565E+4
4,360000	3,611856E+4
4,366667	3,611128E+4
4,373333	3,612438E+4
4,380000	3,611419E+4
4,386667	3,611783E+4
4,393333	3,611492E+4
4,400000	3,611710E+4
4,406667	3,611201E+4
4,413333	3,611274E+4
4,420000	3,610983E+4
4,426667	3,610256E+4
4,433333	3,612292E+4
4,440000	3,611201E+4
4,446667	3,612074E+4
4,453333	3,610619E+4
4,460000	3,609892E+4
4,466667	3,610401E+4
4,473333	3,609747E+4
4,480000	3,609456E+4
4,486667	3,608801E+4
4,493333	3,609456E+4
4,500000	3,608583E+4
4,506667	3,610110E+4
4,513333	3,609310E+4
4,520000	3,610910E+4
4,526667	3,611128E+4
4,533333	3,610474E+4
4,540000	3,609892E+4
4,546667	3,609020E+4
4,553333	3,609383E+4
4,560000	3,610329E+4
4,566667	3,611128E+4
4,573333	3,611201E+4
4,580000	3,609674E+4
4,586667	3,610838E+4
4,593333	3,609238E+4
4,600000	3,610692E+4
4,606667	3,610547E+4
4,613333	3,610619E+4
4,620000	3,609601E+4
4,626667	3,610401E+4
4,633333	3,611274E+4
4,640000	3,610910E+4
4,646667	3,611128E+4
4,653333	3,611347E+4
4,660000	3,611710E+4
4,666667	3,609747E+4
4,673333	3,610765E+4
4,680000	3,611274E+4
4,686667	3,611128E+4
4,693333	3,611492E+4
4,700000	3,610329E+4
4,706667	3,611419E+4
4,713333	3,611928E+4
4,720000	3,611201E+4
4,726667	3,610838E+4
4,733333	3,611419E+4
4,740000	3,610838E+4
4,746667	3,610910E+4
4,753333	3,610110E+4
4,760000	3,610765E+4
4,766667	3,611128E+4
4,773333	3,613165E+4
4,780000	3,611492E+4
4,786667	3,612583E+4
4,793333	3,611710E+4
4,800000	3,610838E+4
4,806667	3,612510E+4
4,813333	3,613310E+4
4,820000	3,611928E+4
4,826667	3,613237E+4
4,833333	3,612583E+4
4,840000	3,615128E+4
4,846667	3,613019E+4
4,853333	3,611419E+4
4,860000	3,612728E+4
4,866667	3,612438E+4
4,873333	3,611201E+4
4,880000	3,611419E+4
4,886667	3,612292E+4
4,893333	3,612365E+4
4,900000	3,613674E+4
4,906667	3,612292E+4
4,913333	3,613165E+4
4,920000	3,612728E+4
4,926667	3,611128E+4
4,933333	3,611347E+4
4,940000	3,610329E+4
4,946667	3,611492E+4
4,953333	3,611710E+4
4,960000	3,613747E+4
4,966667	3,613237E+4
4,973333	3,612728E+4
4,980000	3,613383E+4
4,986667	3,612365E+4
4,993333	3,613019E+4
5,000000	3,613165E+4

